-6.117564136500753813e-01 -5.553859280379069219e+01
-2.493703754774100889e-01 -1.066198474770323656e+01
4.885181465374970333e-01 2.275740810095792099e+01
7.620111803120247496e-01 1.010961288075882578e+02
1.519816816422198791e+00 1.443375575049776671e+02
3.775637863209194145e-01 3.328883297988504353e+01
5.129298204180088305e-01 3.301527097725262649e+01
-6.712461308368190549e-01 -2.588696944343863038e+01
-1.396496335488137674e+00 -9.963913965518254656e+01
3.156349472416052349e-01 2.380307142464338099e+01
-6.369956465693533687e-01 -4.558868643773767815e+01
-3.967535268559773676e-01 -8.338757092075681498e+00
-1.100619177212921240e+00 -9.531541909778388799e+01
9.008559492644118150e-01 3.640729631585502801e+01
-1.099891267314030863e+00 -8.729260363456953087e+01
8.279746426072461807e-01 6.766937243348814945e+01
-7.557171302105572530e-02 -1.368661004737140274e+01
-3.522498464935186480e-01 -5.544142243416371940e+01
-6.706622862890305736e-01 -6.534023994468718399e+01
-1.072968622156170504e+00 -5.444971407871634028e+01
-3.062040126283718244e-01 -2.883513318455544905e+01
2.185575406533161402e+00 1.788350483161395061e+02
8.654076293246785179e-01 6.508395203731002709e+01
1.982997201267697462e-01 2.666831309639847092e+01
-3.840543546684156428e-01 -1.854597056269863131e+01
-6.837278591743330969e-01 -4.149904075146001503e+01
5.080775477602896689e-02 8.558277643315101990e-01
5.828152137158222335e-01 4.456165212315949020e+01
1.252868155233287872e+00 1.159848111352738727e+02
-7.543979409966528049e-01 -6.461979926175800415e+01
-3.493427224128775044e-01 -2.593127182140236897e+01
-8.876289640848362694e-01 -6.088204261016096552e+01
1.865613909882843091e-01 1.871954818534241483e+01
8.761689211162249080e-01 7.506969984216534897e+01
8.389834138745049241e-01 1.172031754001050956e+02
-5.044658629464512378e-01 -2.269826898148633632e+01
-3.438536755710756010e-01 -5.636258107953285901e+01
1.692454601027746586e+00 1.808371876671411655e+02
-2.301538696880282675e+00 -1.925749496810170456e+02
9.311020813035573163e-01 6.850323581608867585e+01
2.100255136478842211e+00 1.655220249710307314e+02
1.462107937044974104e+00 1.050003908084756432e+02
-8.452056414987195732e-01 -7.043387567914241743e+01
-8.778584179213717587e-01 -5.876933619060064018e+01
-3.224172040135074857e-01 -4.157571422829649777e+01
8.851411642707280869e-01 7.324722685065209760e+01
1.600370694478304712e-01 4.096640817381167210e+01
1.131629387451426938e+00 8.046194602188207057e+01
-3.752849500901141999e-01 -2.879399430770034840e+01
5.024943389018682316e-01 3.423410541991439970e+01
-2.088942333747781099e-01 -4.171487641445007455e+01
1.201589524816291527e-01 1.435473745934644541e+01
5.866231911821976341e-01 7.933632404421132378e+01
3.190390960570985701e-01 2.712920730190480612e+01
-6.916607517253090531e-01 -3.948735510732583975e+01
6.980320340722189210e-01 6.680520697068293146e+01
1.198917879901507000e+00 9.553084368206641841e+01
-2.007580689299974519e-01 3.561040750220200835e+00
5.303554667381860099e-01 1.085689427766922677e-01
7.420441605773355764e-01 5.649528927301923886e+01
4.100516472082563202e-01 5.157534134940429738e+01
1.190086458074588183e-01 -2.097411126288752925e+00
-7.612069008951027893e-01 -2.665594390747276066e+01
4.234943540641128989e-01 3.974198186985329073e+01
3.001703199558274915e-01 3.610140553923170614e+01
-1.142518198022140163e+00 -7.560194397976054859e+01
1.851564174839438470e-01 1.971260648914285696e+01
-9.357694342590687775e-01 -7.160103307824748242e+01
-6.200008439481292655e-01 -1.990357741694639770e+01
-1.117310348635277784e+00 -7.670842960281933642e+01
-1.444113805429589448e+00 -1.183382744964334137e+02
-2.223281426103592695e-01 -2.982460829391790824e+01
1.624345363663241670e+00 1.510827830442654260e+02
6.172031097074192063e-01 5.292264893234202816e+01
-6.871727001195994111e-01 -5.955167693845325516e+01
7.734006834855941537e-02 3.072147474787308141e+01
-1.266459891890136039e-02 -2.935506639228818671e+01
-6.387304074542223820e-01 -4.478616775524888993e+01
1.133769442335437416e+00 1.000583622296404087e+02
1.744811764216479988e+00 1.505765481495685947e+02
9.015907205927955470e-01 1.220004217192476119e+02
-2.060140709497654044e+00 -1.818571661348142356e+02
2.344156978170921501e-01 3.473924297699628738e+00
-1.724282075504357525e-01 -2.298014228398116643e+01
1.218212709914369279e-01 4.518427715441725923e+01
1.144723709839614134e+00 9.860632999756369088e+01
-1.228902255186481718e-01 -9.277883387218249567e+00
-7.471582937508376432e-01 -5.247788098908967669e+01
2.855873252542587837e-01 3.859283178310126061e+01
-2.022201215824003029e+00 -1.999724232692405508e+02
2.300947353643834070e-01 -9.520146533952058121e+00
-2.678880796260159070e-01 -3.472362878880755233e+00
-5.281717522634556961e-01 -3.531224968123055419e+01
1.129483907911919660e+00 7.540575821501280984e+01
1.909154846674660233e-01 1.757014106161407341e+01
-2.980928351027156697e-01 -2.396001845752082815e+01
1.659802177109870547e+00 1.320859553791271424e+02
4.359685683424693869e-02 2.060758300462284964e+01
4.221374671559283143e-02 5.111120971977685201e+01
-1.918355523616149250e-01 -2.630603971742370106e+01
